5.07727e-06
1.54866e-05
3.55496e-05
7.19123e-05
0.000133912
0.000233427
0.00038395
0.000598849
0.000889165
0.00126167
0.00171812
0.00225626
0.00287263
0.00356604
0.00434048
0.00520632
0.00617974
0.00728159
0.00853727
0.00997847
0.0116455
0.0135877
0.0158583
0.0185044
0.0215542
0.0250075
0.0288369
0.0330012
0.0374674
0.0422341
0.0473477
0.0529103
0.0590809
0.0660795
0.074196
0.0837971
0.0953173
0.109221
0.125937
0.14579
0.168962
0.195518
0.225495
0.258991
0.29621
0.337376
0.382532
0.431287
0.482635
0.534945
0.586184
0.634291
0.677592
0.715096
0.746591
0.772543
0.793863
0.811651
0.826985
0.8408
0.853824
0.866557
0.879262
0.891973
0.904525
0.916625
0.927938
0.938187
0.947209
0.954978
0.961579
0.96716
0.971882
0.975888
0.979294
0.98219
0.984656
0.986763
0.988577
0.990154
0.991537
0.992758
0.99384
0.994803
0.995664
0.996436
0.997128
0.997744
0.998282
0.998738
0.999111
0.999401
0.999616
0.999767
0.999866
0.999928
0.999964
0.999985
0.999995
1
5.07727e-06
1.54866e-05
3.55496e-05
7.19123e-05
0.000133912
0.000233427
0.00038395
0.000598849
0.000889165
0.00126167
0.00171812
0.00225626
0.00287263
0.00356604
0.00434048
0.00520632
0.00617974
0.00728159
0.00853727
0.00997847
0.0116455
0.0135877
0.0158583
0.0185044
0.0215542
0.0250075
0.0288369
0.0330012
0.0374674
0.0422341
0.0473477
0.0529103
0.0590809
0.0660795
0.074196
0.0837971
0.0953173
0.109221
0.125937
0.14579
0.168962
0.195518
0.225495
0.258991
0.29621
0.337376
0.382532
0.431287
0.482635
0.534945
0.586184
0.634291
0.677592
0.715096
0.746591
0.772543
0.793863
0.811651
0.826985
0.8408
0.853824
0.866557
0.879262
0.891973
0.904525
0.916625
0.927938
0.938187
0.947209
0.954978
0.961579
0.96716
0.971882
0.975888
0.979294
0.98219
0.984656
0.986763
0.988577
0.990154
0.991537
0.992758
0.99384
0.994803
0.995664
0.996436
0.997128
0.997744
0.998282
0.998738
0.999111
0.999401
0.999616
0.999767
0.999866
0.999928
0.999964
0.999985
0.999995
1
5.07727e-06
1.54866e-05
3.55496e-05
7.19123e-05
0.000133912
0.000233427
0.00038395
0.000598849
0.000889165
0.00126167
0.00171812
0.00225626
0.00287263
0.00356604
0.00434048
0.00520632
0.00617974
0.00728159
0.00853727
0.00997847
0.0116455
0.0135877
0.0158583
0.0185044
0.0215542
0.0250075
0.0288369
0.0330012
0.0374674
0.0422341
0.0473477
0.0529103
0.0590809
0.0660795
0.074196
0.0837971
0.0953173
0.109221
0.125937
0.14579
0.168962
0.195518
0.225495
0.258991
0.29621
0.337376
0.382532
0.431287
0.482635
0.534945
0.586184
0.634291
0.677592
0.715096
0.746591
0.772543
0.793863
0.811651
0.826985
0.8408
0.853824
0.866557
0.879262
0.891973
0.904525
0.916625
0.927938
0.938187
0.947209
0.954978
0.961579
0.96716
0.971882
0.975888
0.979294
0.98219
0.984656
0.986763
0.988577
0.990154
0.991537
0.992758
0.99384
0.994803
0.995664
0.996436
0.997128
0.997744
0.998282
0.998738
0.999111
0.999401
0.999616
0.999767
0.999866
0.999928
0.999964
0.999985
0.999995
1
5.07727e-06
1.54866e-05
3.55496e-05
7.19123e-05
0.000133912
0.000233427
0.00038395
0.000598849
0.000889165
0.00126167
0.00171812
0.00225626
0.00287263
0.00356604
0.00434048
0.00520632
0.00617974
0.00728159
0.00853727
0.00997847
0.0116455
0.0135877
0.0158583
0.0185044
0.0215542
0.0250075
0.0288369
0.0330012
0.0374674
0.0422341
0.0473477
0.0529103
0.0590809
0.0660795
0.074196
0.0837971
0.0953173
0.109221
0.125937
0.14579
0.168962
0.195518
0.225495
0.258991
0.29621
0.337376
0.382532
0.431287
0.482635
0.534945
0.586184
0.634291
0.677592
0.715096
0.746591
0.772543
0.793863
0.811651
0.826985
0.8408
0.853824
0.866557
0.879262
0.891973
0.904525
0.916625
0.927938
0.938187
0.947209
0.954978
0.961579
0.96716
0.971882
0.975888
0.979294
0.98219
0.984656
0.986763
0.988577
0.990154
0.991537
0.992758
0.99384
0.994803
0.995664
0.996436
0.997128
0.997744
0.998282
0.998738
0.999111
0.999401
0.999616
0.999767
0.999866
0.999928
0.999964
0.999985
0.999995
1
