3.80512e-05
7.80123e-05
0.00015036
0.000272518
0.000464655
0.000745809
0.00112808
0.00161055
0.00217575
0.00279172
0.0034208
0.0040331
0.00461935
0.00519669
0.00580399
0.00648899
0.00729522
0.00825768
0.00941061
0.010801
0.0124937
0.0145553
0.0170168
0.0198314
0.0228562
0.0258803
0.0286994
0.0312091
0.0334717
0.0357233
0.0383241
0.0416884
0.0462448
0.0524507
0.0608286
0.0719547
0.0863376
0.104201
0.125279
0.148784
0.173657
0.199027
0.224657
0.251036
0.278934
0.308513
0.338418
0.365397
0.384822
0.392035
0.384004
0.360536
0.324517
0.281067
0.236036
0.194496
0.159785
0.133309
0.114921
0.103533
0.0976058
0.0954263
0.0952196
0.0952606
0.0940718
0.0906776
0.0847899
0.0768096
0.0676153
0.0582243
0.0494711
0.0418251
0.0353883
0.0300242
0.0255205
0.0217052
0.0184802
0.0157942
0.0135977
0.0118175
0.0103626
0.00914705
0.00810998
0.00721782
0.006451
0.0057865
0.00518913
0.00461628
0.00403193
0.00342038
0.00279158
0.0021757
0.00161053
0.00112808
0.000745808
0.000464654
0.000272518
0.00015036
7.80123e-05
3.80512e-05
3.80512e-05
7.80123e-05
0.00015036
0.000272518
0.000464655
0.000745809
0.00112808
0.00161055
0.00217575
0.00279172
0.0034208
0.0040331
0.00461935
0.00519669
0.00580399
0.00648899
0.00729522
0.00825768
0.00941061
0.010801
0.0124937
0.0145553
0.0170168
0.0198314
0.0228562
0.0258803
0.0286994
0.0312091
0.0334717
0.0357233
0.0383241
0.0416884
0.0462448
0.0524507
0.0608286
0.0719547
0.0863376
0.104201
0.125279
0.148784
0.173657
0.199027
0.224657
0.251036
0.278934
0.308513
0.338418
0.365397
0.384822
0.392035
0.384004
0.360536
0.324517
0.281067
0.236036
0.194496
0.159785
0.133309
0.114921
0.103533
0.0976058
0.0954263
0.0952196
0.0952606
0.0940718
0.0906776
0.0847899
0.0768096
0.0676153
0.0582243
0.0494711
0.0418251
0.0353883
0.0300242
0.0255205
0.0217052
0.0184802
0.0157942
0.0135977
0.0118175
0.0103626
0.00914705
0.00810998
0.00721782
0.006451
0.0057865
0.00518913
0.00461628
0.00403193
0.00342038
0.00279158
0.0021757
0.00161053
0.00112808
0.000745808
0.000464654
0.000272518
0.00015036
7.80123e-05
3.80512e-05
3.80512e-05
7.80123e-05
0.00015036
0.000272518
0.000464655
0.000745809
0.00112808
0.00161055
0.00217575
0.00279172
0.0034208
0.0040331
0.00461935
0.00519669
0.00580399
0.00648899
0.00729522
0.00825768
0.00941061
0.010801
0.0124937
0.0145553
0.0170168
0.0198314
0.0228562
0.0258803
0.0286994
0.0312091
0.0334717
0.0357233
0.0383241
0.0416884
0.0462448
0.0524507
0.0608286
0.0719547
0.0863376
0.104201
0.125279
0.148784
0.173657
0.199027
0.224657
0.251036
0.278934
0.308513
0.338418
0.365397
0.384822
0.392035
0.384004
0.360536
0.324517
0.281067
0.236036
0.194496
0.159785
0.133309
0.114921
0.103533
0.0976058
0.0954263
0.0952196
0.0952606
0.0940718
0.0906776
0.0847899
0.0768096
0.0676153
0.0582243
0.0494711
0.0418251
0.0353883
0.0300242
0.0255205
0.0217052
0.0184802
0.0157942
0.0135977
0.0118175
0.0103626
0.00914705
0.00810998
0.00721782
0.006451
0.0057865
0.00518913
0.00461628
0.00403193
0.00342038
0.00279158
0.0021757
0.00161053
0.00112808
0.000745808
0.000464654
0.000272518
0.00015036
7.80123e-05
3.80512e-05
3.80512e-05
7.80123e-05
0.00015036
0.000272518
0.000464655
0.000745809
0.00112808
0.00161055
0.00217575
0.00279172
0.0034208
0.0040331
0.00461935
0.00519669
0.00580399
0.00648899
0.00729522
0.00825768
0.00941061
0.010801
0.0124937
0.0145553
0.0170168
0.0198314
0.0228562
0.0258803
0.0286994
0.0312091
0.0334717
0.0357233
0.0383241
0.0416884
0.0462448
0.0524507
0.0608286
0.0719547
0.0863376
0.104201
0.125279
0.148784
0.173657
0.199027
0.224657
0.251036
0.278934
0.308513
0.338418
0.365397
0.384822
0.392035
0.384004
0.360536
0.324517
0.281067
0.236036
0.194496
0.159785
0.133309
0.114921
0.103533
0.0976058
0.0954263
0.0952196
0.0952606
0.0940718
0.0906776
0.0847899
0.0768096
0.0676153
0.0582243
0.0494711
0.0418251
0.0353883
0.0300242
0.0255205
0.0217052
0.0184802
0.0157942
0.0135977
0.0118175
0.0103626
0.00914705
0.00810998
0.00721782
0.006451
0.0057865
0.00518913
0.00461628
0.00403193
0.00342038
0.00279158
0.0021757
0.00161053
0.00112808
0.000745808
0.000464654
0.000272518
0.00015036
7.80123e-05
3.80512e-05
