-6.60485
-6.47142
-6.33799
-6.20456
-6.07113
-5.9377
-5.80427
-5.67083
-5.5374
-5.40397
-5.27054
-5.13711
-5.00368
-4.87025
-4.73682
-4.60338
-4.46995
-4.33652
-4.20309
-4.06966
-3.93623
-3.8028
-3.66936
-3.53593
-3.4025
-3.26907
-3.13564
-3.00221
-2.86878
-2.73534
-2.60191
-2.46848
-2.33505
-2.20162
-2.06819
-1.93476
-1.80132
-1.66789
-1.53446
-1.40103
-1.2676
-1.13417
-1.00074
-0.867304
-0.733873
-0.600441
-0.46701
-0.333579
-0.200147
-0.0667157
0.0667157
0.200147
0.333579
0.46701
0.600441
0.733873
0.867304
1.00074
1.13417
1.2676
1.40103
1.53446
1.66789
1.80132
1.93476
2.06819
2.20162
2.33505
2.46848
2.60191
2.73534
2.86878
3.00221
3.13564
3.26907
3.4025
3.53593
3.66936
3.8028
3.93623
4.06966
4.20309
4.33652
4.46995
4.60338
4.73682
4.87025
5.00368
5.13711
5.27054
5.40397
5.5374
5.67083
5.80427
5.9377
6.07113
6.20456
6.33799
6.47142
6.60485
-6.60485
-6.47142
-6.33799
-6.20456
-6.07113
-5.9377
-5.80427
-5.67083
-5.5374
-5.40397
-5.27054
-5.13711
-5.00368
-4.87025
-4.73682
-4.60338
-4.46995
-4.33652
-4.20309
-4.06966
-3.93623
-3.8028
-3.66936
-3.53593
-3.4025
-3.26907
-3.13564
-3.00221
-2.86878
-2.73534
-2.60191
-2.46848
-2.33505
-2.20162
-2.06819
-1.93476
-1.80132
-1.66789
-1.53446
-1.40103
-1.2676
-1.13417
-1.00074
-0.867304
-0.733873
-0.600441
-0.46701
-0.333579
-0.200147
-0.0667157
0.0667157
0.200147
0.333579
0.46701
0.600441
0.733873
0.867304
1.00074
1.13417
1.2676
1.40103
1.53446
1.66789
1.80132
1.93476
2.06819
2.20162
2.33505
2.46848
2.60191
2.73534
2.86878
3.00221
3.13564
3.26907
3.4025
3.53593
3.66936
3.8028
3.93623
4.06966
4.20309
4.33652
4.46995
4.60338
4.73682
4.87025
5.00368
5.13711
5.27054
5.40397
5.5374
5.67083
5.80427
5.9377
6.07113
6.20456
6.33799
6.47142
6.60485
-6.60485
-6.47142
-6.33799
-6.20456
-6.07113
-5.9377
-5.80427
-5.67083
-5.5374
-5.40397
-5.27054
-5.13711
-5.00368
-4.87025
-4.73682
-4.60338
-4.46995
-4.33652
-4.20309
-4.06966
-3.93623
-3.8028
-3.66936
-3.53593
-3.4025
-3.26907
-3.13564
-3.00221
-2.86878
-2.73534
-2.60191
-2.46848
-2.33505
-2.20162
-2.06819
-1.93476
-1.80132
-1.66789
-1.53446
-1.40103
-1.2676
-1.13417
-1.00074
-0.867304
-0.733873
-0.600441
-0.46701
-0.333579
-0.200147
-0.0667157
0.0667157
0.200147
0.333579
0.46701
0.600441
0.733873
0.867304
1.00074
1.13417
1.2676
1.40103
1.53446
1.66789
1.80132
1.93476
2.06819
2.20162
2.33505
2.46848
2.60191
2.73534
2.86878
3.00221
3.13564
3.26907
3.4025
3.53593
3.66936
3.8028
3.93623
4.06966
4.20309
4.33652
4.46995
4.60338
4.73682
4.87025
5.00368
5.13711
5.27054
5.40397
5.5374
5.67083
5.80427
5.9377
6.07113
6.20456
6.33799
6.47142
6.60485
-6.60485
-6.47142
-6.33799
-6.20456
-6.07113
-5.9377
-5.80427
-5.67083
-5.5374
-5.40397
-5.27054
-5.13711
-5.00368
-4.87025
-4.73682
-4.60338
-4.46995
-4.33652
-4.20309
-4.06966
-3.93623
-3.8028
-3.66936
-3.53593
-3.4025
-3.26907
-3.13564
-3.00221
-2.86878
-2.73534
-2.60191
-2.46848
-2.33505
-2.20162
-2.06819
-1.93476
-1.80132
-1.66789
-1.53446
-1.40103
-1.2676
-1.13417
-1.00074
-0.867304
-0.733873
-0.600441
-0.46701
-0.333579
-0.200147
-0.0667157
0.0667157
0.200147
0.333579
0.46701
0.600441
0.733873
0.867304
1.00074
1.13417
1.2676
1.40103
1.53446
1.66789
1.80132
1.93476
2.06819
2.20162
2.33505
2.46848
2.60191
2.73534
2.86878
3.00221
3.13564
3.26907
3.4025
3.53593
3.66936
3.8028
3.93623
4.06966
4.20309
4.33652
4.46995
4.60338
4.73682
4.87025
5.00368
5.13711
5.27054
5.40397
5.5374
5.67083
5.80427
5.9377
6.07113
6.20456
6.33799
6.47142
6.60485
